Input file=chi2019.04t.txt
WS=Wind Speed (m/s)
WD=Wind Dir (deg)
AT=Air Temp (C)

Year=2019
Min WS=      0.00000  Max WS=      24.0000
Min WD=      0.00000  Max WD=      360.000
Min AT=     -99.0000  Max AT=      34.7000

 Daily Averages
 DOY    WS    WD    AT     n
   1   9.27  339   0.59  720
   2   5.30  257  -1.05  720
   3   7.76  232   0.19  720
   4   7.10  222   4.54  720
   5   5.32  270   6.32  720
   6   6.81  036   4.94  720
   7  10.88  160   6.27  720
   8   9.03  260   6.48  720
   9  10.90  304  -4.02  720
  10   6.49  306  -6.39  720
  11   3.79  229  -2.15  720
  12   7.02  121  -0.40  720
  13  10.06  057  -0.66  720
  14   4.61  302  -1.88  720
  15   7.22  250  -2.54  720
  16   6.80  316   0.32  720
  17   3.75  104  -0.34  720
  18   5.93  339  -0.14  720
  19  13.22  055  -1.98  720
  20  13.03  340  -7.57  720
  21   7.11  191  -9.66  720
  22   9.75  169  -5.33  720
  23   6.03  254  -0.03  720
  24   7.11  272  -6.17  720
  25  10.04  262 -14.96  720
  26   5.49  268 -13.24  720
  27   6.08  278 -12.78  720
  28   9.85  187  -5.21  720
  29  11.20  273 -12.93  711
  30  12.28  266 -24.12  720
  31   7.30  263 -23.25  711
  32   3.56  146 -12.62  720
  33   8.70  188  -1.76  720
  34   9.70  198   6.56  720
  35   9.69  205   9.59  720
  36   6.16  343  -0.25  720
  37   4.86  024   1.12  720
  38   6.03  066   2.15  720
  39  14.12  264 -10.91  720
  40   5.42  297  -9.80  720
  41   6.01  137  -3.56  720
  42   5.77  083  -1.34  720
  43   3.86  056   0.44  720
  44  12.48  260  -5.34  720
  45   9.41  196   3.11  720
  46   9.59  273  -3.60  720
  47   5.71  340  -4.91  720
  48   7.83  090  -2.74  720
  49   4.98  026  -2.47  711
  50   3.27  334  -3.23  720
  51   7.84  121   0.08  720
  52   8.91  258   0.54  720
  53   4.41  002  -0.72  712
  54   5.74  094   1.24  720
  55  14.13  236   2.46  720
  56  10.53  284  -9.00  726
  57   6.42  028  -5.98  720
  58   5.52  084  -3.23  711
  59   4.83  336  -6.65  720
  60   2.61  028  -2.20  720
  61   4.93  349  -1.50  712
  62   7.68  340  -4.94  720
  63   8.51  276 -13.75  720
  64  10.54  268 -10.42  720
  65   8.12  268  -7.66  712
  66   6.18  334  -4.00  720
  67   3.63  111  -1.58  711
  68   6.59  100   1.14  720
  69  12.37  245   3.41  720
  70   7.00  282   0.81  720
  71   5.46  214   2.37  720
  72   9.23  171   5.84  720
  73  10.49  175  10.20  720
  74  11.14  259   4.24  720
  75   7.38  289   1.39  712
  76   3.95  141   1.45  720
  77   3.28  177   1.47  720
  78   5.01  244   4.96  720
  79   6.82  199   6.09  720
  80   6.72  320   3.95  720
  81   7.93  328   4.30  720
  82   3.52  043   1.96  709
  83   3.81  169   6.17  720
  84  10.50  014   1.84  720
  85   4.86  054   1.84  720
  86   6.45  181   5.47  711
  87   9.42  204  10.44  720
  88   4.29  353   4.29  720
  89   8.40  001   3.32  720
  90   9.48  357  -0.68  717
  91   8.19  184   2.62  720
  92  11.47  221   7.58  711
  93   7.19  255   7.29  720
  94   4.86  048   7.04  720
  95   3.84  095   4.03  720
  96   2.38  140   6.61  720
  97   4.84  159  10.93  720
  98   5.44  265  13.73  720
  99   6.59  302  13.10  720
 100   9.79  021   4.51  720
 101  10.71  070   4.73  720
 102  10.03  213   9.39  720
 103   8.16  257   6.56  720
 104  11.19  032   2.81  720
 105   7.22  323   3.98  720
 106   6.34  173  11.25  720
 107   5.25  064   9.07  720
 108   8.07  266  13.92  720
 109  11.91  358   4.93  720
 110  11.44  355   6.29  720
 111   5.82  171  12.67  720
 112   9.11  174  16.82  720
 113   7.57  132  12.02  720
 114   2.89  107   8.21  720
 115   2.62  104   9.40  720
 116   9.62  329  11.34  720
 117   6.36  031   5.98  720
 118   8.58  016   3.94  720
 119   7.81  117   6.85  720
 120   5.12  032   5.68  720
 121   6.64  071   9.26  720
 122   5.85  022   5.50  720
 123   7.29  353   5.77  720
 124   3.52  020   7.02  720
 125   4.24  176  12.64  720
 126   6.25  299  12.18  720
 127   7.89  010   6.49  720
 128   7.79  062   7.89  720
 129   7.21  193  14.58  720
 130   5.64  001   8.06  720
 131   3.71  083   7.44  713
 132   7.96  031   6.67  720
 133   5.43  352   7.73  720
 134   3.50  160  10.85  720
 135   4.98  161  14.55  720
 136   7.04  196  18.10  720
 137   7.09  346  11.67  720
 138   4.55  045   9.54  720
 139   8.40  233  15.92  720
 140   7.40  316  11.67  720
 141   6.70  060   8.10  720
 142   8.83  151 -99.00  720
 143   9.93  244 -99.00  720
 144   4.73  063 -99.00  720
 145   8.05  227 -99.00  720
 146   4.82  313 -98.39  720
 147   3.39  049  12.85  720
 148   6.91  301  15.60  720
 149   4.79  064  10.92  720
 150   3.78  135  14.85  720
 151   4.67  221 -99.00  720
 152   7.51  257 -99.00  720
 153   5.13  008 -99.00  720
 154   4.37  053 -99.00  720
 155   5.91  180 -99.00  720
 156   5.70  210 -99.00  720
 157   4.38  357 -99.00  720
 158   4.94  355 -99.00  720
 159   6.29  029 -99.00  720
 160   5.10  053 -99.00  720
 161   5.81  348 -99.00  720
 162   6.24  178 -63.43  679
 163   7.45  203  19.57  720
 164  10.02  317  13.42  720
 165   8.48  224  19.30  720
 166   8.94  192  18.99  720
 167   6.92  336  11.92  720
 168   5.51  349  11.73  720
 169   2.32  036  13.33  720
 170   4.52  022  14.72  720
 171   9.57  345  12.28  727
 172   3.65  330  14.53  720
 173   5.16  040  14.90  720
 174   6.89  127  18.47  720
 175   6.37  200  21.47  720
 176   8.25  243  23.02  720
 177   6.46  218  24.25  720
 178   6.00  151  21.71  720
 179   4.68  168  21.77  720
 180   2.32  012  20.23  720
 181   3.48  127  21.74  720
 182   4.30  193  23.32  720
 183   5.79  226  27.59  720
 184   4.26  318  22.61  720
 185   3.65  114  23.36  720
 186   3.67  193  26.96  720
 187   6.19  007  23.01  720
 188   9.22  352  18.29  720
 189   5.19  359  18.41  720
 190   4.07  066  20.84  720
 191   6.03  192  27.17  720
 192   6.15  332  23.68  720
 193   4.40  034  20.19  720
 194   6.03  232  26.93  720
 195   4.57  052  22.88  720
 196   6.70  215  26.82  720
 197   5.67  178  24.47  720
 198   2.23  105  24.63  720
 199   6.83  168  25.06  720
 200   7.45  213  29.73  720
 201   9.61  190  28.11  720
 202   6.61  359  21.69  720
 203   9.53  356  20.76  743
 204   5.16  341  20.53  743
 205   2.92  004  20.80  720
 206   4.27  163  22.45  720
 207   6.23  179  24.19  720
 208   9.07  206  26.09  720
 209   7.53  227  27.52  720
 210   7.34  215  25.44  720
 211   5.72  333  22.45  720
 212   6.69  018  20.34  720
 213   4.56  021  21.30  720
 214   3.69  054  22.32  720
 215   2.32  077  22.70  720
 216   3.15  020  23.16  720
 217   3.02  182  25.72  720
 218   5.78  315  23.92  720
 219   3.48  179  24.12  720
 220   6.02  296  24.57  720
 221   4.06  011  22.46  720
 222   3.72  145  23.20  711
 223   5.74  169  24.27  720
 224   3.39  340  24.24  711
 225   4.84  018  23.27  720
 226   4.36  354  23.03  720
 227   7.11  005  21.66  720
 228   5.29  163  22.96  720
 229   3.83  219  24.38  720
 230   6.47  204  24.28  720
 231   3.07  002  24.42  720
 232   2.99  148  24.52  720
 233   4.02  264  24.52  720
 234   5.55  030  22.99  720
 235   7.72  045  20.91  720
 236   7.94  079  20.65  711
 237   8.59  113  21.17  720
 238   9.57  136  21.91  720
 239   6.81  251  22.80  720
 240   8.98  264  21.37  720
 241   8.09  237  22.45  720
 242   5.94  334  20.77  720
 243   7.31  071  19.71  720
 244   5.47  092  19.23  720
 245   3.06  277  20.87  720
 246   9.00  202  23.06  713
 247   7.13  324  19.62  720
 248   4.00  040  17.85  728
 249   6.54  239  19.22  720
 250   5.28  332  19.27  720
 251   5.65  074  18.67  720
 252   5.30  111  18.70  720
 253   8.18  176  24.28  720
 254   5.54  206  27.22  720
 255   4.26  022  21.20  720
 256   8.65  197  22.32  720
 257   5.49  241  20.15  720
 258   8.05  193  21.81  720
 259   4.66  330  20.13  720
 260   3.08  049  19.31  720
 261   5.99  125  20.78  720
 262   4.79  142  21.35  720
 263   3.22  142  22.22  720
 264   8.18  190  23.80  720
 265  10.56  202  22.40  720
 266   6.49  290  19.72  720
 267   6.66  239  21.25  720
 268  10.25  228  21.42  720
 269   6.94  293  18.75  720
 270   9.16  188  17.84  720
 271   7.80  324  15.35  720
 272   8.07  086  17.09  720
 273   5.29  165  21.93  720
 274   6.88  203  26.03  720
 275   8.58  310  17.00  720
 276   5.81  290  16.72  720
 277   7.45  358  12.47  720
 278   7.50  125  13.13  720
 279   7.14  254  15.78  720
 280   6.67  266  16.20  720
 281   4.63  142  14.76  720
 282   5.58  130  15.24  720
 283   6.15  130  15.68  720
 284   8.24  196  15.13  720
 285  11.13  233   6.85  720
 286   9.22  246   9.40  720
 287   5.79  270   8.12  720
 288   7.72  179  12.74  720
 289  11.28  298  10.12  720
 290   6.00  330   8.71  720
 291   4.81  128   9.93  720
 292   7.38  166  13.05  720
 293   4.17  333  12.81  720
 294   9.19  126  13.55  720
 295  12.57  225  11.07  720
 296   8.18  224  10.16  720
 297   5.69  356   8.76  720
 298   2.71  027   8.03  720
 299   6.96  101   8.18  720
 300   9.85  276  10.17  720
 301   4.11  300   9.75  720
 302   6.00  347   5.56  720
 303   7.94  020   4.44  720
 304  14.15  336   3.10  720
 305   8.90  226   1.40  720
 306   8.19  256   4.38  720
 307   7.70  220   5.46  720
 308   8.75  230   9.63  720
 309   7.84  275   4.63  720
 310   7.33  245   4.87  720
 311   9.82  327  -0.86  720
 312   6.67  283  -3.39  720
 313   9.20  208   1.64  720
 314   5.71  313   6.21  720
 315  11.85  351   0.13  720
 316   9.74  301  -8.86  720
 317  10.41  204  -7.39  720
 318   5.97  261  -1.81  720
 319   5.58  276  -1.11  720
 320   6.28  097   3.17  720
 321   6.86  163   1.92  720
 322   3.55  257   3.10  720
 323   2.27  159   3.17  720
 324   2.74  203   5.20  720
 325  11.60  195   8.04  720
 326   6.66  332   2.09  720
 327   4.50  214   1.35  720
 328   6.94  236   4.77  720
 329   6.62  202   7.84  720
 330   4.78  341   6.67  720
 331  13.44  222   7.18  720
 332   8.79  318   1.74  720
 333   3.52  082   3.33  720
 334   9.58  112   3.50  720
 335   7.69  183   4.36  720
 336   9.97  320   0.65  688
 337   7.83  224   1.01  720
 338  10.46  276   3.58  720
 339   5.47  250   3.80  720
 340   8.96  328   4.12  720
 341   5.67  182   1.21  720
 342  10.31  194   4.70  720
 343   7.10  211   8.38  720
 344  10.47  269  -4.79  720
 345   7.31  264  -7.01  720
 346   9.91  183  -0.33  720
 347   7.49  189   4.47  720
 348   4.40  305   2.18  720
 349   5.79  266  -3.84  720
 350   5.11  326  -1.93  720
 351   7.77  301  -2.06  720
 352   8.03  298  -6.01  720
 353   7.95  207  -3.83  720
 354   5.06  175   0.43  720
 355   7.59  195   4.29  720
 356   7.99  202   5.77  720
 357   6.55  195   6.31  720
 358   4.19  087   4.03  720
 359   8.20  188   9.40  720
 360   8.73  209  13.04  720
 361   5.88  273   3.91  720
 362   4.59  111   2.41  720
 363   7.83  160   9.62  720
 364  10.14  226   4.06  720
 365  11.85  259  -2.30  717