Input File=/chi/archive/chi2023.04t.avg
WS=Wind Speed (m/s)
WD=Wind Dir (deg)
AT=Air Temp (C)

Year=2023
Min WS =    0.0 m/s   Max WS =   27.8 m/s
Min WD =    0.0 deg   Max WD =  360.0 deg
Min AT =  -16.0 C     Max AT =   36.6 C

 Daily Averages
 DOY    WS    WD    AT     n
   1   3.92  180     4.3  719
   2   3.11  336    3.84  719
   3   5.55   16    3.81  719
   4   4.99  262    4.09  719
   5    6.5  234    0.94  719
   6   5.83  264   -0.29  719
   7   4.29  335   -1.13  719
   8   3.22   18   -0.02  719
   9   6.39  230   -0.05  719
  10   6.52  175    4.25  719
  11   4.16  157    4.93  719
  12   8.58  344    3.31  719
  13  12.48  340    0.39  719
  14   5.45  273   -2.48  719
  15   9.37  177    -0.4  719
  16   8.83  160    3.54  719
  17  10.33  238    6.06  719
  18   5.15  317    3.01  719
  19   6.98  150    3.62  719
  20   9.04  284    1.27  719
  21   5.62  252   -0.88  719
  22   4.03  209    -0.2  719
  23   6.82  286   -2.51  719
  24   7.57  231   -0.59  719
  25   5.55  101    0.55  719
  26    7.8  282   -1.72  719
  27  10.98  218   -4.36  719
  28   6.55  307   -3.59  719
  29   6.43    4   -2.25  719
  30   6.76  320   -8.79  719
  31   5.69  292   -12.3  719
  32   7.25  232   -8.21  719
  33   8.95  241   -1.89  719
  34   8.45  312  -11.76  719
  35  10.23  195   -4.96  719
  36   9.99  232     4.0  719
  37   5.37   36    0.92  719
  38  12.01  227    5.27  719
  39   4.91  245    1.29  719
  40    8.0   79    3.14  719
  41   7.92  290    2.37  719
  42   5.48  252    1.52  719
  43   6.31  230    5.75  719
  44    7.5  261    6.39  719
  45   6.93  169    5.48  719
  46  13.33  224    7.91  719
  47   8.25   12    1.51  719
  48   5.87  324   -3.68  719
  49   9.01  212    0.37  719
  50   10.8  212    6.47  719
  51   4.65  341    2.82  719
  52   8.39  268    1.13  719
  53   9.58   79    0.95  719
  54   9.51  148    2.03  719
  55   7.68  326   -4.42  719
  56   5.57  219   -0.97  719
  57   6.59  221    1.88  719
  58   9.44  126    6.05  719
  59   7.74  323    3.88  719
  60   5.34   98    4.03  719
  61   7.08  335    3.06  719
  62    7.8   58     1.9  719
  63   6.27  271    3.51  719
  64   5.05  332    3.55  719
  65   7.54  106    4.54  719
  66    8.5   10    2.72  719
  67   7.05   79     2.9  719
  68   8.12   70    3.06  719
  69   8.36   43    1.34  719
  70   6.73   37    1.72  719
  71    7.0  124     1.5  719
  72   9.67  299   -0.78  719
  73   6.77  339   -2.68  719
  74   6.67  185    1.63  719
  75  11.49  193    6.63  719
  76  12.07  259    3.15  719
  77  12.24  279   -6.19  719
  78   8.46  268   -2.73  719
  79  12.33  217    3.68  719
  80  11.18  197    6.58  719
  81   8.12  182    5.56  719
  82   5.51   23    4.42  719
  83   6.12   42    3.05  719
  84   9.85    4    2.98  719
  85   5.41  288    4.72  719
  86   8.71  353    2.72  719
  87   3.17  353    3.23  719
  88   7.71  284    4.15  719
  89   5.69  114    1.03  719
  90  12.57  185   12.33  719
  91   11.6  278    6.82  719
  92    6.1  130    3.85  719
  93   7.37  167   10.19  719
  94   9.17   67    6.72  719
  95  12.77  205   15.97  719
  96   8.56  269    5.24  719
  97   5.47   28    5.35  719
  98   4.99  106    5.96  719
  99   4.98  150    9.49  719
 100   5.94  160   11.99  719
 101   7.66  225   18.49  719
 102   9.02  223   21.65  719
 103   6.97  200   21.08  719
 104   5.43  154   19.97  719
 105   5.34  176   19.37  719
 106   8.72  217   13.02  719
 107  11.61  267    2.34  719
 108   7.49  309    4.93  719
 109   7.17  101    7.92  719
 110  10.12  178   15.63  719
 111   7.85  239   11.82  719
 112    7.8  277    7.03  719
 113   6.27  284    4.58  719
 114   6.24  269    5.55  719
 115   6.39   49    5.31  719
 116   6.64   33     4.6  719
 117   6.04  117    7.89  719
 118   6.06   40    8.43  719
 119   4.27  298    9.87  719
 120    8.4  274    7.48  719
 121  11.43  300    5.83  719
 122   8.89  320     8.0  719
 123   7.83   10     6.0  719
 124   5.32  163    9.94  719
 125   8.58  157   14.62  719
 126   7.59  130   13.02  719
 127   7.14  145    17.6  719
 128   6.74    8    9.52  719
 129   5.21  354    8.88  719
 130   2.77   62   11.85  719
 131   4.77  130   16.51  719
 132   3.84  107   15.26  719
 133   6.33  353   11.85  719
 134   6.43   18   11.65  719
 135   6.29   19    9.96  719
 136   3.71  265   16.18  719
 137   9.15    4    8.83  719
 138   5.81  101   11.27  719
 139   7.11  201   17.64  719
 140   5.42    5   11.61  719
 141   6.41  208   17.69  719
 142    4.8  118    16.5  719
 143   5.48  121   17.33  719
 144   7.66    5   13.91  719
 145   9.34   37   10.03  719
 146    5.5   20   11.19  719
 147   4.07    6   12.39  719
 148   3.03    2   13.68  719
 149   3.82  346   13.96  719
 150    2.7  359   15.75  719
 151   4.89  128   21.34  719
 152   5.35  129   22.16  719
 153   3.07   22   19.65  719
 154   5.25  345   18.94  719
 155   5.98   18    17.7  719
 156   2.59   27   17.59  719
 157   4.81  343   17.75  719
 158   7.23  358    14.9  719
 159   5.81   10   14.96  719
 160   4.76   20   16.61  719
 161   5.45  186   21.88  719
 162  11.22   10   15.08  719
 163   9.76  358   12.85  719
 164   7.44  277   16.25  719
 165   5.52   24   15.27  719
 166   7.32  175   16.64  719
 167   9.25    5   12.56  719
 168   3.35   24   15.33  719
 169   5.01  124   18.75  719
 170   5.12   48   18.68  719
 171   6.23    6   17.95  719
 172   5.15   10   18.32  719
 173    4.6    8   18.72  719
 174   3.96  348   18.99  719
 175   3.65   93   20.97  719
 176   9.62  182   22.87  719
 177   9.15  282   21.07  719
 178    7.0  348   18.58  719
 179   3.55   55   18.71  719
 180   6.48  148   22.48  719
 181   5.01  202   24.45  719
 182   2.94  179   24.86  719
 183   5.55   26   20.58  719
 184   5.78  343    19.8  719
 185   5.43  172   24.58  719
 186    5.7  170   25.88  719
 187   5.37  352   20.49  719
 188   2.99   14   19.72  719
 189   3.74  350   19.15  719
 190   3.42  149   21.01  719
 191   5.25  230   24.42  719
 192   7.06  235   23.97  719
 193   5.48  118   20.13  719
 194   5.67  356   19.36  719
 195   7.28  221   24.99  719
 196    5.3  218   24.35  719
 197    6.4  272   24.16  719
 198   6.16  299   22.21  719
 199   4.71   36    21.0  719
 200   3.14   86   21.69  719
 201   7.21  229   25.57  719
 202   6.66    5   21.33  719
 203   3.46  188   22.71  719
 204   4.63  191   21.88  719
 205   3.31  175   23.79  719
 206   4.75  157   24.63  719
 207   6.63  162    25.3  719
 208   3.12   39   24.81  719
 209   5.56  170   26.44  719
 210   7.63  352   22.67  719
 211   3.89  355    22.7  719
 212   3.18   71   22.81  719
 213   4.95  151   23.97  719
 214   6.41  180   24.81  719
 215   3.51  163   24.48  719
 216   4.53   25   24.51  719
 217    7.6   79   23.43  719
 218  11.24   40    20.5  719
 219   7.54   14   21.08  719
 220   4.41  266   23.21  719
 221   4.76  247   23.63  719
 222   4.26  257   23.04  719
 223   6.69  237   25.13  719
 224   6.35  228   24.19  719
 225   5.29  331   23.03  719
 226   6.03   76   21.85  719
 227  11.19  351   20.24  719
 228   5.07  243   22.57  719
 229   11.7  240   22.54  719
 230   6.05  339   20.27  719
 231   8.19  182   21.96  719
 232   4.54  175   24.63  719
 233   6.57   17   22.29  719
 234   5.55   77   22.61  719
 235    8.2  202    28.8  719
 236   9.22  244   32.02  719
 237   6.09    9   23.03  719
 238   7.49   36   21.86  719
 239   9.03   46   19.72  719
 240   4.36   94    21.4  719
 241    7.5  214   22.73  719
 242   10.5   10   18.51  719
 243   5.89   77   19.26  719
 244   7.07  134   20.99  719
 245   6.38  205   24.46  719
 246   8.47  221   27.38  719
 247    7.3  197   27.34  719
 248   8.96  187   27.23  719
 249   9.82  211   24.68  719
 250   8.77  335   20.01  719
 251   8.21    5   18.16  719
 252   6.29   18   18.83  719
 253   4.05   80   19.92  719
 254   5.65  193   19.82  719
 255   7.32  344   16.86  719
 256    4.3   49   17.25  719
 257   3.76   68   17.89  719
 258   4.82  139   19.67  719
 259    5.4  185    20.2  719
 260   6.92  352   18.78  904
 261   6.34    8   17.89  719
 262   7.25  166   17.73  719
 263   7.91  172   20.93  719
 264   2.79  139   21.47  719
 265   4.46  120   21.57  719
 266   7.19  114   21.19  719
 267   8.48  119   19.85  719
 268   7.24  110   20.31  719
 269   9.04  113    19.9  719
 270   9.43  117   19.13  719
 271   6.32   62   18.75  719
 272   4.55  119   18.61  719
 273   6.16  147   19.51  719
 274   4.42  145    20.5  719
 275   4.48  149   21.47  719
 276   5.54  157   22.56  719
 277   8.48  190    23.9  719
 278   5.86  222   20.59  719
 279   9.06  265   14.68  719
 280  10.57  297   10.88  719
 281   7.04  312   10.95  719
 282   7.31  305   11.22  719
 283   7.06  272   11.65  719
 284   5.13  252   13.61  712
 285   6.85   94   14.34  719
 286  12.86  107   14.79  719
 287   14.2   66   13.37  719
 288  11.46  353   12.15  719
 289  11.17  348    12.7  719
 290   4.32  267   12.84  719
 291   7.78  187    14.6  719
 292   8.51  209   15.14  719
 293   8.63  302   13.45  719
 294   6.25  269   13.72  719
 295   8.67  344   10.29  719
 296   6.97  164   12.94  719
 297  11.45  201   20.05  719
 298   9.44  199   18.67  719
 299   10.0  197    19.4  719
 300  10.23  215   19.05  719
 301   8.89  338    9.05  719
 302    9.4   31   10.72  719
 303   9.58  308     4.9  718
 304   8.72  257    2.36  716
 305   8.58  284    3.14  717
 306  10.03  206    6.91  718
 307  12.07  209   11.23  717
 308   5.15  356   12.25  718
 309   4.65  231   11.44  718
 310  11.73  209   15.84  719
 311   7.91  339    12.3  717
 312   9.05  114    11.2  718
 313   9.08  294   10.88  717
 314   7.79  272    8.98  717
 315   4.63  297    7.38  717
 316  10.09  180    10.3  717
 317   9.42  266   12.81  716
 318   5.72  235   12.51  716
 319   7.87  213   13.49  717
 320   8.33  199   15.11  717
 321  10.49  308   12.75  719
 322   5.64  272    8.05  716
 323   5.43  323    9.84  717
 324  11.59   94    9.19  717
 325   9.39   46     7.2  716
 326   7.36  292    5.98  717
 327   9.06  265    5.44  717
 328  10.23    0    3.48  716
 329   4.58  198    1.65  716
 330   5.48  219    2.04  718
 331   10.9  273   -1.97  717
 332   9.39  279   -5.94  717
 333   9.11  224   -0.47  717
 334   9.04  212    7.05  716
 335   5.35   69    7.69  717
 336   5.15   26    6.31  716
 337    5.7  207    5.39  716
 338   6.18  308    3.99  717
 339   5.84  236    3.95  716
 340   7.88  283    3.22  718
 341   9.61  200    6.11  716
 342   11.9  195   10.21  716
 343  11.85  218   10.66  718
 344  10.11  282     2.7  716
 345   5.37  269    0.33  716
 346   9.81  250    3.16  717
 347   5.81  271    1.76  716
 348    6.8  240    6.63  718
 349   7.49  191    8.41  719
 350   6.52  157     7.4  718
 351   7.43  222    7.03  720
 352  12.49  301    1.59  716
 353    8.3  261    -3.8  717
 354   7.31  178    2.38  781
 355   4.48  105    5.37 1335
 356   5.13  155    5.89  717
 357   2.55  103    6.51  717
 358   5.19  156    8.45  718
 359   7.56  134    8.95  716
 360   7.37  190    6.71  718
 361   5.43   59    4.53  718
 362  10.27  353    4.64  719
 363   9.39    4     5.2  719
 364    6.7  252     1.5  719
 365   7.16  271     1.8  715